0.155491 0.125056 -0.124384
0.00885824 0.0990239 -0.247462
-0.130021 0.0633999 -0.25743
-0.211285 0.0299312 -0.188061
-0.185772 -0.0203645 -0.0546706
-0.054997 -0.0570621 0.0353205
0.148646 -0.0400382 0.096477
0.25786 0.00440414 -0.00171229
0.14654 -0.0317213 -0.21975
-0.00526199 -0.0674516 -0.29963
-0.165569 -0.119589 -0.252283
-0.184181 -0.186366 -0.123157
-0.0727957 -0.244413 -0.0143525
0.160608 -0.244547 0.0850564
0.272073 -0.215634 -0.00477856
0.224692 -0.209464 -0.166967
0.0210791 -0.225857 -0.266076
-0.205023 -0.273124 -0.241404
-0.234258 -0.351067 -0.103971
-0.0925408 -0.410196 0.024733
0.0719577 -0.431497 0.0851886
0.245245 -0.372714 0.148719
0.386033 -0.341243 0.0758641
0.329987 -0.297277 -0.097901
0.140979 -0.289658 -0.362502
-0.0977504 -0.327202 -0.5152
-0.30173 -0.358207 -0.484853
-0.387419 -0.442213 -0.372679
-0.310662 -0.51494 -0.125988
-0.173352 -0.546924 0.00876187
-0.0168048 -0.530646 0.143554
0.184702 -0.465148 0.252072
0.416137 -0.416849 0.203962
0.553966 -0.385341 0.0594881
0.566973 -0.321083 -0.265346
0.338351 -0.301498 -0.543792
0.0539338 -0.320533 -0.662998